0
100.0
1
100.0
2
100.0
3
100.0
4
100.0
5
100.0
6
100.0
7
100.0
8
100.0
9
100.0
10
99.8
11
99.8
12
99.8
13
99.8
14
99.8
15
99.8
16
99.8
17
99.8
18
99.8
19
99.8
20
99.8
21
99.8
22
99.8
23
99.8
24
99.8
25
99.8
26
99.8
27
99.8
28
99.8
29
99.8
30
99.8
31
99.8
32
99.8
33
99.8
34
99.8
35
99.8
36
99.8
37
99.8
38
99.8
39
99.8
40
99.6
41
99.6
42
99.6
43
99.6
44
99.6
45
99.6
46
99.6
47
99.6
48
99.6
49
99.6
50
98.7
51
98.7
52
98.7
53
98.7
54
98.7
55
98.7
56
98.7
57
98.7
58
98.7
59
98.7
60
96.4
61
96.4
62
96.4
63
96.4
64
96.4
65
96.4
66
96.4
67
96.4
68
96.4
69
96.4
70
92.0
71
92.0
72
92.0
73
92.0
74
92.0
75
92.0
76
92.0
77
92.0
78
92.0
79
92.0
80
85.2
81
85.2
82
85.2
83
85.2
84
85.2
85
85.2
86
85.2
87
85.2
88
85.2
89
85.2
90
85.2
91
85.2
92
85.2
93
85.2
94
85.2
95
85.2
96
85.2
97
85.2
98
85.2
99
85.2
100
85.2
