0
5.0
1
5.0
2
5.0
3
5.0
4
5.0
5
5.0
6
5.0
7
5.0
8
5.0
9
5.0
10
3.50
11
3.50
12
3.50
13
3.50
14
3.50
15
3.50
16
3.50
17
3.50
18
3.50
19
3.50
20
1.50
21
1.50
22
1.50
23
1.50
24
1.50
25
1.50
26
1.50
27
1.50
28
1.50
29
1.50
30
0.20
31
0.20
32
0.20
33
0.20
34
0.20
35
0.20
36
0.20
37
0.20
38
0.20
39
0.20
40
0.0
41
0.0
42
0.0
43
0.0
44
0.0
45
0.0
46
0.0
47
0.0
48
0.0
49
0.0
50
-0.50
51
-0.50
52
-0.50
53
-0.50
54
-0.50
55
-0.50
56
-0.50
57
-0.50
58
-0.50
59
-0.50
60
-3.60
61
-3.60
62
-3.60
63
-3.60
64
-3.60
65
-3.60
66
-3.60
67
-3.60
68
-3.60
69
-3.60
70
-8.00
71
-8.00
72
-8.00
73
-8.00
74
-8.00
75
-8.00
76
-8.00
77
-8.00
78
-8.00
79
-8.00
80
-12.00
81
-12.00
82
-12.00
83
-12.00
84
-12.00
85
-12.00
86
-12.00
87
-12.00
88
-12.00
89
-12.00
90
-12.00
91
-12.00
92
-12.00
93
-12.00
94
-12.00
95
-12.00
96
-12.00
97
-12.00
98
-12.00
99
-12.00
100
-12.00
